{
  "0": [{"cam_R_m2c": [1.0, 0.0, 0.0, 0.0, -0.7999998331069946, -0.6000000238418579, 0.0, 0.6000000238418579, -0.7999998331069946], "cam_t_m2c": [216.0941925048828, -114.34090423583984, 580.7218627929688], "obj_id": 0}, {"cam_R_m2c": [1.0, 0.0, 0.0, 0.0, -0.7999998331069946, -0.6000000238418579, 0.0, 0.6000000238418579, -0.7999998331069946], "cam_t_m2c": [-79.47906494140625, -20.699810028076172, 563.62060546875], "obj_id": 0}, {"cam_R_m2c": [-0.9999998807907104, 8.960834918525507e-08, -6.556708065375005e-09, 7.562069725963738e-08, 0.7999999523162842, -0.6000000238418579, -4.851964874319492e-08, -0.6000000238418579, -0.7999998331069946], "cam_t_m2c": [-61.025821685791016, -102.23309326171875, 561.1276245117188], "obj_id": 0}, {"cam_R_m2c": [1.0, 0.0, 0.0, 0.0, -0.7999998331069946, -0.6000000834465027, 0.0, 0.6000000834465027, -0.7999998331069946], "cam_t_m2c": [215.87843322753906, -19.272449493408203, 564.0897827148438], "obj_id": 0}, {"cam_R_m2c": [1.0, 0.0, 0.0, 0.0, -0.7999998331069946, -0.6000000238418579, 0.0, 0.6000000238418579, -0.7999998331069946], "cam_t_m2c": [176.76016235351562, -19.461326599121094, 530.371337890625], "obj_id": 0}, {"cam_R_m2c": [1.0, 0.0, 0.0, 0.0, -0.7999998331069946, -0.6000000834465027, 0.0, 0.6000000834465027, -0.7999998331069946], "cam_t_m2c": [-203.0735626220703, -80.94093322753906, 610.2508544921875], "obj_id": 0}, {"cam_R_m2c": [1.0, 0.0, 0.0, 0.0, -0.7999998331069946, -0.6000000238418579, 0.0, 0.6000000238418579, -0.7999998331069946], "cam_t_m2c": [-211.17282104492188, -27.304758071899414, 571.0263671875], "obj_id": 0}, {"cam_R_m2c": [1.0, 0.0, 0.0, 0.0, -0.7999998331069946, -0.6000000238418579, 0.0, 0.6000000238418579, -0.7999998331069946], "cam_t_m2c": [71.41567993164062, -11.727313995361328, 559.3976440429688], "obj_id": 0}, {"cam_R_m2c": [1.0, 0.0, 0.0, 0.0, -0.7999998331069946, -0.6000000238418579, 0.0, 0.6000000238418579, -0.7999998331069946], "cam_t_m2c": [108.09142303466797, -88.12644958496094, 614.8211059570312], "obj_id": 0}, {"cam_R_m2c": [1.0, 0.0, 0.0, 0.0, -0.7999998331069946, -0.6000000834465027, 0.0, 0.6000000834465027, -0.7999998331069946], "cam_t_m2c": [0.0, 46.35188674926758, 728.4691162109375], "obj_id": 0}],
  "1": [{"cam_R_m2c": [1.0, 0.0, 0.0, 0.0, -0.7999998331069946, -0.6000000238418579, 0.0, 0.6000000238418579, -0.7999998331069946], "cam_t_m2c": [216.0941925048828, -114.34090423583984, 580.7218627929688], "obj_id": 0}, {"cam_R_m2c": [1.0, 0.0, 0.0, 0.0, -0.7999998331069946, -0.6000000238418579, 0.0, 0.6000000238418579, -0.7999998331069946], "cam_t_m2c": [-79.47906494140625, -20.699810028076172, 563.62060546875], "obj_id": 0}, {"cam_R_m2c": [-0.9999998807907104, 8.960834918525507e-08, -6.556708065375005e-09, 7.562069725963738e-08, 0.7999999523162842, -0.6000000238418579, -4.851964874319492e-08, -0.6000000238418579, -0.7999998331069946], "cam_t_m2c": [-61.025821685791016, -102.23309326171875, 561.1276245117188], "obj_id": 0}, {"cam_R_m2c": [1.0, 0.0, 0.0, 0.0, -0.7999998331069946, -0.6000000834465027, 0.0, 0.6000000834465027, -0.7999998331069946], "cam_t_m2c": [215.87843322753906, -19.272449493408203, 564.0897827148438], "obj_id": 0}, {"cam_R_m2c": [1.0, 0.0, 0.0, 0.0, -0.7999998331069946, -0.6000000238418579, 0.0, 0.6000000238418579, -0.7999998331069946], "cam_t_m2c": [176.76016235351562, -19.461326599121094, 530.371337890625], "obj_id": 0}, {"cam_R_m2c": [1.0, 0.0, 0.0, 0.0, -0.7999998331069946, -0.6000000834465027, 0.0, 0.6000000834465027, -0.7999998331069946], "cam_t_m2c": [-203.0735626220703, -80.94093322753906, 610.2508544921875], "obj_id": 0}, {"cam_R_m2c": [1.0, 0.0, 0.0, 0.0, -0.7999998331069946, -0.6000000238418579, 0.0, 0.6000000238418579, -0.7999998331069946], "cam_t_m2c": [-211.17282104492188, -27.304758071899414, 571.0263671875], "obj_id": 0}, {"cam_R_m2c": [1.0, 0.0, 0.0, 0.0, -0.7999998331069946, -0.6000000238418579, 0.0, 0.6000000238418579, -0.7999998331069946], "cam_t_m2c": [71.41567993164062, -11.727313995361328, 559.3976440429688], "obj_id": 0}, {"cam_R_m2c": [1.0, 0.0, 0.0, 0.0, -0.7999998331069946, -0.6000000238418579, 0.0, 0.6000000238418579, -0.7999998331069946], "cam_t_m2c": [108.09142303466797, -88.12644958496094, 614.8211059570312], "obj_id": 0}, {"cam_R_m2c": [1.0, 0.0, 0.0, 0.0, -0.7999998331069946, -0.6000000834465027, 0.0, 0.6000000834465027, -0.7999998331069946], "cam_t_m2c": [0.0, 46.35188674926758, 728.4691162109375], "obj_id": 0}],
  "2": [{"cam_R_m2c": [1.0, 0.0, 0.0, 0.0, -0.7999998331069946, -0.6000000238418579, 0.0, 0.6000000238418579, -0.7999998331069946], "cam_t_m2c": [216.0941925048828, -114.34090423583984, 580.7218627929688], "obj_id": 0}, {"cam_R_m2c": [1.0, 0.0, 0.0, 0.0, -0.7999998331069946, -0.6000000238418579, 0.0, 0.6000000238418579, -0.7999998331069946], "cam_t_m2c": [-79.47906494140625, -20.699810028076172, 563.62060546875], "obj_id": 0}, {"cam_R_m2c": [-0.9999998807907104, 8.960834918525507e-08, -6.556708065375005e-09, 7.562069725963738e-08, 0.7999999523162842, -0.6000000238418579, -4.851964874319492e-08, -0.6000000238418579, -0.7999998331069946], "cam_t_m2c": [-61.025821685791016, -102.23309326171875, 561.1276245117188], "obj_id": 0}, {"cam_R_m2c": [1.0, 0.0, 0.0, 0.0, -0.7999998331069946, -0.6000000834465027, 0.0, 0.6000000834465027, -0.7999998331069946], "cam_t_m2c": [215.87843322753906, -19.272449493408203, 564.0897827148438], "obj_id": 0}, {"cam_R_m2c": [1.0, 0.0, 0.0, 0.0, -0.7999998331069946, -0.6000000238418579, 0.0, 0.6000000238418579, -0.7999998331069946], "cam_t_m2c": [176.76016235351562, -19.461326599121094, 530.371337890625], "obj_id": 0}, {"cam_R_m2c": [1.0, 0.0, 0.0, 0.0, -0.7999998331069946, -0.6000000834465027, 0.0, 0.6000000834465027, -0.7999998331069946], "cam_t_m2c": [-203.0735626220703, -80.94093322753906, 610.2508544921875], "obj_id": 0}, {"cam_R_m2c": [1.0, 0.0, 0.0, 0.0, -0.7999998331069946, -0.6000000238418579, 0.0, 0.6000000238418579, -0.7999998331069946], "cam_t_m2c": [-211.17282104492188, -27.304758071899414, 571.0263671875], "obj_id": 0}, {"cam_R_m2c": [1.0, 0.0, 0.0, 0.0, -0.7999998331069946, -0.6000000238418579, 0.0, 0.6000000238418579, -0.7999998331069946], "cam_t_m2c": [71.41567993164062, -11.727313995361328, 559.3976440429688], "obj_id": 0}, {"cam_R_m2c": [1.0, 0.0, 0.0, 0.0, -0.7999998331069946, -0.6000000238418579, 0.0, 0.6000000238418579, -0.7999998331069946], "cam_t_m2c": [108.09142303466797, -88.12644958496094, 614.8211059570312], "obj_id": 0}, {"cam_R_m2c": [1.0, 0.0, 0.0, 0.0, -0.7999998331069946, -0.6000000834465027, 0.0, 0.6000000834465027, -0.7999998331069946], "cam_t_m2c": [0.0, 46.35188674926758, 728.4691162109375], "obj_id": 0}],
  "3": [{"cam_R_m2c": [1.0, 0.0, 0.0, 0.0, -0.7999998331069946, -0.6000000238418579, 0.0, 0.6000000238418579, -0.7999998331069946], "cam_t_m2c": [216.0941925048828, -114.34090423583984, 580.7218627929688], "obj_id": 0}, {"cam_R_m2c": [1.0, 0.0, 0.0, 0.0, -0.7999998331069946, -0.6000000238418579, 0.0, 0.6000000238418579, -0.7999998331069946], "cam_t_m2c": [-79.47906494140625, -20.699810028076172, 563.62060546875], "obj_id": 0}, {"cam_R_m2c": [-0.9999998807907104, 8.960834918525507e-08, -6.556708065375005e-09, 7.562069725963738e-08, 0.7999999523162842, -0.6000000238418579, -4.851964874319492e-08, -0.6000000238418579, -0.7999998331069946], "cam_t_m2c": [-61.025821685791016, -102.23309326171875, 561.1276245117188], "obj_id": 0}, {"cam_R_m2c": [1.0, 0.0, 0.0, 0.0, -0.7999998331069946, -0.6000000834465027, 0.0, 0.6000000834465027, -0.7999998331069946], "cam_t_m2c": [215.87843322753906, -19.272449493408203, 564.0897827148438], "obj_id": 0}, {"cam_R_m2c": [1.0, 0.0, 0.0, 0.0, -0.7999998331069946, -0.6000000238418579, 0.0, 0.6000000238418579, -0.7999998331069946], "cam_t_m2c": [176.76016235351562, -19.461326599121094, 530.371337890625], "obj_id": 0}, {"cam_R_m2c": [1.0, 0.0, 0.0, 0.0, -0.7999998331069946, -0.6000000834465027, 0.0, 0.6000000834465027, -0.7999998331069946], "cam_t_m2c": [-203.0735626220703, -80.94093322753906, 610.2508544921875], "obj_id": 0}, {"cam_R_m2c": [1.0, 0.0, 0.0, 0.0, -0.7999998331069946, -0.6000000238418579, 0.0, 0.6000000238418579, -0.7999998331069946], "cam_t_m2c": [-211.17282104492188, -27.304758071899414, 571.0263671875], "obj_id": 0}, {"cam_R_m2c": [1.0, 0.0, 0.0, 0.0, -0.7999998331069946, -0.6000000238418579, 0.0, 0.6000000238418579, -0.7999998331069946], "cam_t_m2c": [71.41567993164062, -11.727313995361328, 559.3976440429688], "obj_id": 0}, {"cam_R_m2c": [1.0, 0.0, 0.0, 0.0, -0.7999998331069946, -0.6000000238418579, 0.0, 0.6000000238418579, -0.7999998331069946], "cam_t_m2c": [108.09142303466797, -88.12644958496094, 614.8211059570312], "obj_id": 0}, {"cam_R_m2c": [1.0, 0.0, 0.0, 0.0, -0.7999998331069946, -0.6000000834465027, 0.0, 0.6000000834465027, -0.7999998331069946], "cam_t_m2c": [0.0, 46.35188674926758, 728.4691162109375], "obj_id": 0}],
  "4": [{"cam_R_m2c": [1.0, 0.0, 0.0, 0.0, -0.7999998331069946, -0.6000000238418579, 0.0, 0.6000000238418579, -0.7999998331069946], "cam_t_m2c": [216.0941925048828, -114.34090423583984, 580.7218627929688], "obj_id": 0}, {"cam_R_m2c": [1.0, 0.0, 0.0, 0.0, -0.7999998331069946, -0.6000000238418579, 0.0, 0.6000000238418579, -0.7999998331069946], "cam_t_m2c": [-79.47906494140625, -20.699810028076172, 563.62060546875], "obj_id": 0}, {"cam_R_m2c": [-0.9999998807907104, 8.960834918525507e-08, -6.556708065375005e-09, 7.562069725963738e-08, 0.7999999523162842, -0.6000000238418579, -4.851964874319492e-08, -0.6000000238418579, -0.7999998331069946], "cam_t_m2c": [-61.025821685791016, -102.23309326171875, 561.1276245117188], "obj_id": 0}, {"cam_R_m2c": [1.0, 0.0, 0.0, 0.0, -0.7999998331069946, -0.6000000834465027, 0.0, 0.6000000834465027, -0.7999998331069946], "cam_t_m2c": [215.87843322753906, -19.272449493408203, 564.0897827148438], "obj_id": 0}, {"cam_R_m2c": [1.0, 0.0, 0.0, 0.0, -0.7999998331069946, -0.6000000238418579, 0.0, 0.6000000238418579, -0.7999998331069946], "cam_t_m2c": [176.76016235351562, -19.461326599121094, 530.371337890625], "obj_id": 0}, {"cam_R_m2c": [1.0, 0.0, 0.0, 0.0, -0.7999998331069946, -0.6000000834465027, 0.0, 0.6000000834465027, -0.7999998331069946], "cam_t_m2c": [-203.0735626220703, -80.94093322753906, 610.2508544921875], "obj_id": 0}, {"cam_R_m2c": [1.0, 0.0, 0.0, 0.0, -0.7999998331069946, -0.6000000238418579, 0.0, 0.6000000238418579, -0.7999998331069946], "cam_t_m2c": [-211.17282104492188, -27.304758071899414, 571.0263671875], "obj_id": 0}, {"cam_R_m2c": [1.0, 0.0, 0.0, 0.0, -0.7999998331069946, -0.6000000238418579, 0.0, 0.6000000238418579, -0.7999998331069946], "cam_t_m2c": [71.41567993164062, -11.727313995361328, 559.3976440429688], "obj_id": 0}, {"cam_R_m2c": [1.0, 0.0, 0.0, 0.0, -0.7999998331069946, -0.6000000238418579, 0.0, 0.6000000238418579, -0.7999998331069946], "cam_t_m2c": [108.09142303466797, -88.12644958496094, 614.8211059570312], "obj_id": 0}, {"cam_R_m2c": [1.0, 0.0, 0.0, 0.0, -0.7999998331069946, -0.6000000834465027, 0.0, 0.6000000834465027, -0.7999998331069946], "cam_t_m2c": [0.0, 46.35188674926758, 728.4691162109375], "obj_id": 0}]
}