{
  "0": [{"cam_R_m2c": [1.0, 0.0, 0.0, 0.0, -0.7999998331069946, -0.6000000238418579, 0.0, 0.6000000238418579, -0.7999998331069946], "cam_t_m2c": [432.6938171386719, -291.29803466796875, 1447.0322265625], "obj_id": 1}, {"cam_R_m2c": [1.0, 0.0, 0.0, 0.0, -0.7999998331069946, -0.6000000238418579, 0.0, 0.6000000238418579, -0.7999998331069946], "cam_t_m2c": [-158.45269775390625, -52.944034576416016, 1409.947509765625], "obj_id": 1}, {"cam_R_m2c": [-0.9999999403953552, 8.742278367890322e-08, -7.11703340304428e-16, 6.993822410095163e-08, 0.7999999523162842, -0.6000000834465027, -5.245368228656844e-08, -0.6000000834465027, -0.7999998331069946], "cam_t_m2c": [-121.54620361328125, -263.27496337890625, 1395.0513916015625], "obj_id": 1}, {"cam_R_m2c": [1.0, 0.0, 0.0, 0.0, -0.7999998331069946, -0.6000000834465027, 0.0, 0.6000000834465027, -0.7999998331069946], "cam_t_m2c": [432.26226806640625, -49.375640869140625, 1411.120361328125], "obj_id": 1}, {"cam_R_m2c": [1.0, 0.0, 0.0, 0.0, -0.7999998331069946, -0.6000000238418579, 0.0, 0.6000000238418579, -0.7999998331069946], "cam_t_m2c": [354.0257873535156, -40.6495246887207, 1339.0885009765625], "obj_id": 1}, {"cam_R_m2c": [1.0, 0.0, 0.0, 0.0, -0.7999998331069946, -0.6000000834465027, 0.0, 0.6000000834465027, -0.7999998331069946], "cam_t_m2c": [-421.8402099609375, -69.45641326904297, 1428.4619140625], "obj_id": 1}, {"cam_R_m2c": [1.0, 0.0, 0.0, 0.0, -0.7999998331069946, -0.6000000834465027, 0.0, 0.6000000834465027, -0.7999998331069946], "cam_t_m2c": [143.33680725097656, -30.512798309326172, 1399.3900146484375], "obj_id": 1}, {"cam_R_m2c": [1.0, 0.0, 0.0, 0.0, -0.7999998331069946, -0.6000000238418579, 0.0, 0.6000000238418579, -0.7999998331069946], "cam_t_m2c": [216.6882781982422, -221.51065063476562, 1537.94873046875], "obj_id": 1}, {"cam_R_m2c": [1.0, 0.0, 0.0, 0.0, -0.7999998331069946, -0.6000000834465027, 0.0, 0.6000000834465027, -0.7999998331069946], "cam_t_m2c": [-7.450580596923828e-06, 115.87965393066406, 1821.1729736328125], "obj_id": 2}]
}