{
  "0": [{"cam_R_m2c": [1.0, 0.0, 0.0, 0.0, -0.7999998331069946, -0.6000000238418579, 0.0, 0.6000000238418579, -0.7999998331069946], "cam_t_m2c": [585.14208984375, 221.35084533691406, 1687.4608154296875], "obj_id": 1}, {"cam_R_m2c": [-0.9999998807907104, 8.74227694680485e-08, 2.883465323878353e-15, 6.993820989009691e-08, 0.7999999523162842, -0.6000000238418579, -5.24536716284274e-08, -0.6000000238418579, -0.7999998331069946], "cam_t_m2c": [579.447021484375, 78.88526916503906, 1621.4354248046875], "obj_id": 1}, {"cam_R_m2c": [1.0, 0.0, 0.0, 0.0, -0.7999998331069946, -0.6000000238418579, 0.0, 0.6000000238418579, -0.7999998331069946], "cam_t_m2c": [217.852783203125, 145.15447998046875, 1388.3482666015625], "obj_id": 1}, {"cam_R_m2c": [1.0, 0.0, 0.0, 0.0, -0.7999998331069946, -0.6000000834465027, 0.0, 0.6000000834465027, -0.7999998331069946], "cam_t_m2c": [422.6832275390625, -62.37310028076172, 1830.8668212890625], "obj_id": 1}, {"cam_R_m2c": [1.0, 0.0, 0.0, 0.0, -0.7999998331069946, -0.6000000834465027, 0.0, 0.6000000834465027, -0.7999998331069946], "cam_t_m2c": [-328.50457763671875, 71.32758331298828, 1701.88818359375], "obj_id": 4}, {"cam_R_m2c": [1.0, 0.0, 0.0, 0.0, -0.7999998331069946, -0.6000000238418579, 0.0, 0.6000000238418579, -0.7999998331069946], "cam_t_m2c": [232.55459594726562, -97.67371368408203, 1905.3917236328125], "obj_id": 1}, {"cam_R_m2c": [1.0, 0.0, 0.0, 0.0, -0.7999998331069946, -0.6000000238418579, 0.0, 0.6000000238418579, -0.7999998331069946], "cam_t_m2c": [128.70431518554688, 30.30562400817871, 1815.776611328125], "obj_id": 1}, {"cam_R_m2c": [1.0, 0.0, 0.0, 0.0, -0.7999998331069946, -0.6000000834465027, 0.0, 0.6000000834465027, -0.7999998331069946], "cam_t_m2c": [-576.8334350585938, -181.57852172851562, 1758.0830078125], "obj_id": 1}, {"cam_R_m2c": [1.0, 0.0, 0.0, 0.0, -0.7999998331069946, -0.6000000238418579, 0.0, 0.6000000238418579, -0.7999998331069946], "cam_t_m2c": [672.1105346679688, -82.26880645751953, 1820.4442138671875], "obj_id": 1}, {"cam_R_m2c": [1.0, 0.0, 0.0, 0.0, -0.7999998331069946, -0.6000000238418579, 0.0, 0.6000000238418579, -0.7999998331069946], "cam_t_m2c": [1.4901161193847656e-05, 302.3087463378906, 2069.744873046875], "obj_id": 2}]
}