{
  "0": [{"cam_R_m2c": [1.0, 0.0, 0.0, 0.0, -0.7999998331069946, -0.6000000238418579, 0.0, 0.6000000238418579, -0.7999998331069946], "cam_t_m2c": [585.14208984375, 251.9081268310547, 1664.5428466796875], "obj_id": 1}, {"cam_R_m2c": [-0.9999998807907104, 8.74227694680485e-08, 2.883465323878353e-15, 6.993820989009691e-08, 0.7999999523162842, -0.6000000238418579, -5.24536716284274e-08, -0.6000000238418579, -0.7999998331069946], "cam_t_m2c": [579.447021484375, 109.44255065917969, 1598.5174560546875], "obj_id": 1}, {"cam_R_m2c": [1.0, 0.0, 0.0, 0.0, -0.7999998331069946, -0.6000000834465027, 0.0, 0.6000000834465027, -0.7999998331069946], "cam_t_m2c": [422.6832275390625, -31.815826416015625, 1807.9488525390625], "obj_id": 1}, {"cam_R_m2c": [1.0, 0.0, 0.0, 0.0, -0.7999998331069946, -0.6000000834465027, 0.0, 0.6000000834465027, -0.7999998331069946], "cam_t_m2c": [-328.50457763671875, 101.88485717773438, 1678.97021484375], "obj_id": 1}, {"cam_R_m2c": [1.0, 0.0, 0.0, 0.0, -0.7999998331069946, -0.6000000238418579, 0.0, 0.6000000238418579, -0.7999998331069946], "cam_t_m2c": [232.55459594726562, -67.11643981933594, 1882.4737548828125], "obj_id": 1}, {"cam_R_m2c": [1.0, 0.0, 0.0, 0.0, -0.7999998331069946, -0.6000000238418579, 0.0, 0.6000000238418579, -0.7999998331069946], "cam_t_m2c": [128.70431518554688, 60.86289978027344, 1792.858642578125], "obj_id": 1}, {"cam_R_m2c": [1.0, 0.0, 0.0, 0.0, -0.7999998331069946, -0.6000000834465027, 0.0, 0.6000000834465027, -0.7999998331069946], "cam_t_m2c": [-576.8334350585938, -151.021240234375, 1735.1650390625], "obj_id": 1}, {"cam_R_m2c": [1.0, 0.0, 0.0, 0.0, -0.7999998331069946, -0.6000000238418579, 0.0, 0.6000000238418579, -0.7999998331069946], "cam_t_m2c": [672.1105346679688, -51.71152877807617, 1797.5262451171875], "obj_id": 1}, {"cam_R_m2c": [1.0, 0.0, 0.0, 0.0, -0.7999998331069946, -0.6000000238418579, 0.0, 0.6000000238418579, -0.7999998331069946], "cam_t_m2c": [1.4901161193847656e-05, 302.3087463378906, 2069.744873046875], "obj_id": 2}]
}