{
  "0": [{"cam_R_m2c": [1.0, 0.0, 0.0, 0.0, -0.7999998331069946, -0.6000000238418579, 0.0, 0.6000000238418579, -0.7999998331069946], "cam_t_m2c": [215.4283447265625, -108.75132751464844, 590.7266845703125], "obj_id": 0}, {"cam_R_m2c": [1.0, 0.0, 0.0, 0.0, -0.7999998331069946, -0.6000000238418579, 0.0, 0.6000000238418579, -0.7999998331069946], "cam_t_m2c": [-80.14492797851562, -21.92479133605957, 564.5393676757812], "obj_id": 0}, {"cam_R_m2c": [-0.9999999403953552, 8.960835629068242e-08, -6.556712950356314e-09, 7.562070436506474e-08, 0.7999999523162842, -0.6000000834465027, -4.85196522959086e-08, -0.6000000834465027, -0.7999998331069946], "cam_t_m2c": [-61.69167709350586, -103.45806121826172, 562.0463256835938], "obj_id": 0}, {"cam_R_m2c": [1.0, 0.0, 0.0, 0.0, -0.7999998331069946, -0.6000000834465027, 0.0, 0.6000000834465027, -0.7999998331069946], "cam_t_m2c": [215.2125701904297, -20.4974308013916, 565.008544921875], "obj_id": 0}, {"cam_R_m2c": [1.0, 0.0, 0.0, 0.0, -0.7999998331069946, -0.6000000834465027, 0.0, 0.6000000834465027, -0.7999998331069946], "cam_t_m2c": [176.09432983398438, -12.695550918579102, 541.9443969726562], "obj_id": 0}, {"cam_R_m2c": [1.0, 0.0, 0.0, 0.0, -0.7999998331069946, -0.6000000238418579, 0.0, 0.6000000238418579, -0.7999998331069946], "cam_t_m2c": [-211.83868408203125, -28.52973747253418, 571.9451293945312], "obj_id": 0}, {"cam_R_m2c": [1.0, 0.0, 0.0, 0.0, -0.7999998331069946, -0.6000000238418579, 0.0, 0.6000000238418579, -0.7999998331069946], "cam_t_m2c": [70.74981689453125, -12.95229434967041, 560.31640625], "obj_id": 0}, {"cam_R_m2c": [1.0, 0.0, 0.0, 0.0, -0.7999998331069946, -0.6000000238418579, 0.0, 0.6000000238418579, -0.7999998331069946], "cam_t_m2c": [107.42556762695312, -89.35143280029297, 615.7398681640625], "obj_id": 0}, {"cam_R_m2c": [1.0, 0.0, 0.0, 0.0, -0.7999998331069946, -0.6000000238418579, 0.0, 0.6000000238418579, -0.7999998331069946], "cam_t_m2c": [3.725290298461914e-06, 46.35187911987305, 728.4691162109375], "obj_id": 0}],
  "1": [{"cam_R_m2c": [1.0, 0.0, 0.0, 0.0, -0.7999998331069946, -0.6000000238418579, 0.0, 0.6000000238418579, -0.7999998331069946], "cam_t_m2c": [215.4283447265625, -108.75132751464844, 590.7266845703125], "obj_id": 0}, {"cam_R_m2c": [1.0, 0.0, 0.0, 0.0, -0.7999998331069946, -0.6000000238418579, 0.0, 0.6000000238418579, -0.7999998331069946], "cam_t_m2c": [-80.14492797851562, -21.92479133605957, 564.5393676757812], "obj_id": 0}, {"cam_R_m2c": [-0.9999999403953552, 8.960835629068242e-08, -6.556712950356314e-09, 7.562070436506474e-08, 0.7999999523162842, -0.6000000834465027, -4.85196522959086e-08, -0.6000000834465027, -0.7999998331069946], "cam_t_m2c": [-61.69167709350586, -103.45806121826172, 562.0463256835938], "obj_id": 0}, {"cam_R_m2c": [1.0, 0.0, 0.0, 0.0, -0.7999998331069946, -0.6000000834465027, 0.0, 0.6000000834465027, -0.7999998331069946], "cam_t_m2c": [215.2125701904297, -20.4974308013916, 565.008544921875], "obj_id": 0}, {"cam_R_m2c": [1.0, 0.0, 0.0, 0.0, -0.7999998331069946, -0.6000000834465027, 0.0, 0.6000000834465027, -0.7999998331069946], "cam_t_m2c": [176.09432983398438, -12.695550918579102, 541.9443969726562], "obj_id": 0}, {"cam_R_m2c": [1.0, 0.0, 0.0, 0.0, -0.7999998331069946, -0.6000000238418579, 0.0, 0.6000000238418579, -0.7999998331069946], "cam_t_m2c": [-211.83868408203125, -28.52973747253418, 571.9451293945312], "obj_id": 0}, {"cam_R_m2c": [1.0, 0.0, 0.0, 0.0, -0.7999998331069946, -0.6000000238418579, 0.0, 0.6000000238418579, -0.7999998331069946], "cam_t_m2c": [70.74981689453125, -12.95229434967041, 560.31640625], "obj_id": 0}, {"cam_R_m2c": [1.0, 0.0, 0.0, 0.0, -0.7999998331069946, -0.6000000238418579, 0.0, 0.6000000238418579, -0.7999998331069946], "cam_t_m2c": [107.42556762695312, -89.35143280029297, 615.7398681640625], "obj_id": 0}, {"cam_R_m2c": [1.0, 0.0, 0.0, 0.0, -0.7999998331069946, -0.6000000238418579, 0.0, 0.6000000238418579, -0.7999998331069946], "cam_t_m2c": [3.725290298461914e-06, 46.35187911987305, 728.4691162109375], "obj_id": 0}],
  "2": [{"cam_R_m2c": [1.0, 0.0, 0.0, 0.0, -0.7999998331069946, -0.6000000238418579, 0.0, 0.6000000238418579, -0.7999998331069946], "cam_t_m2c": [215.4283447265625, -108.75132751464844, 590.7266845703125], "obj_id": 0}, {"cam_R_m2c": [1.0, 0.0, 0.0, 0.0, -0.7999998331069946, -0.6000000238418579, 0.0, 0.6000000238418579, -0.7999998331069946], "cam_t_m2c": [-80.14492797851562, -21.92479133605957, 564.5393676757812], "obj_id": 0}, {"cam_R_m2c": [-0.9999999403953552, 8.960835629068242e-08, -6.556712950356314e-09, 7.562070436506474e-08, 0.7999999523162842, -0.6000000834465027, -4.85196522959086e-08, -0.6000000834465027, -0.7999998331069946], "cam_t_m2c": [-61.69167709350586, -103.45806121826172, 562.0463256835938], "obj_id": 0}, {"cam_R_m2c": [1.0, 0.0, 0.0, 0.0, -0.7999998331069946, -0.6000000834465027, 0.0, 0.6000000834465027, -0.7999998331069946], "cam_t_m2c": [215.2125701904297, -20.4974308013916, 565.008544921875], "obj_id": 0}, {"cam_R_m2c": [1.0, 0.0, 0.0, 0.0, -0.7999998331069946, -0.6000000834465027, 0.0, 0.6000000834465027, -0.7999998331069946], "cam_t_m2c": [176.09432983398438, -12.695550918579102, 541.9443969726562], "obj_id": 0}, {"cam_R_m2c": [1.0, 0.0, 0.0, 0.0, -0.7999998331069946, -0.6000000238418579, 0.0, 0.6000000238418579, -0.7999998331069946], "cam_t_m2c": [-211.83868408203125, -28.52973747253418, 571.9451293945312], "obj_id": 0}, {"cam_R_m2c": [1.0, 0.0, 0.0, 0.0, -0.7999998331069946, -0.6000000238418579, 0.0, 0.6000000238418579, -0.7999998331069946], "cam_t_m2c": [70.74981689453125, -12.95229434967041, 560.31640625], "obj_id": 0}, {"cam_R_m2c": [1.0, 0.0, 0.0, 0.0, -0.7999998331069946, -0.6000000238418579, 0.0, 0.6000000238418579, -0.7999998331069946], "cam_t_m2c": [107.42556762695312, -89.35143280029297, 615.7398681640625], "obj_id": 0}, {"cam_R_m2c": [1.0, 0.0, 0.0, 0.0, -0.7999998331069946, -0.6000000238418579, 0.0, 0.6000000238418579, -0.7999998331069946], "cam_t_m2c": [3.725290298461914e-06, 46.35187911987305, 728.4691162109375], "obj_id": 0}],
  "3": [{"cam_R_m2c": [1.0, 0.0, 0.0, 0.0, -0.7999998331069946, -0.6000000238418579, 0.0, 0.6000000238418579, -0.7999998331069946], "cam_t_m2c": [215.4283447265625, -108.75132751464844, 590.7266845703125], "obj_id": 0}, {"cam_R_m2c": [1.0, 0.0, 0.0, 0.0, -0.7999998331069946, -0.6000000238418579, 0.0, 0.6000000238418579, -0.7999998331069946], "cam_t_m2c": [-80.14492797851562, -21.92479133605957, 564.5393676757812], "obj_id": 0}, {"cam_R_m2c": [-0.9999999403953552, 8.960835629068242e-08, -6.556712950356314e-09, 7.562070436506474e-08, 0.7999999523162842, -0.6000000834465027, -4.85196522959086e-08, -0.6000000834465027, -0.7999998331069946], "cam_t_m2c": [-61.69167709350586, -103.45806121826172, 562.0463256835938], "obj_id": 0}, {"cam_R_m2c": [1.0, 0.0, 0.0, 0.0, -0.7999998331069946, -0.6000000834465027, 0.0, 0.6000000834465027, -0.7999998331069946], "cam_t_m2c": [215.2125701904297, -20.4974308013916, 565.008544921875], "obj_id": 0}, {"cam_R_m2c": [1.0, 0.0, 0.0, 0.0, -0.7999998331069946, -0.6000000834465027, 0.0, 0.6000000834465027, -0.7999998331069946], "cam_t_m2c": [176.09432983398438, -12.695550918579102, 541.9443969726562], "obj_id": 0}, {"cam_R_m2c": [1.0, 0.0, 0.0, 0.0, -0.7999998331069946, -0.6000000238418579, 0.0, 0.6000000238418579, -0.7999998331069946], "cam_t_m2c": [-211.83868408203125, -28.52973747253418, 571.9451293945312], "obj_id": 0}, {"cam_R_m2c": [1.0, 0.0, 0.0, 0.0, -0.7999998331069946, -0.6000000238418579, 0.0, 0.6000000238418579, -0.7999998331069946], "cam_t_m2c": [70.74981689453125, -12.95229434967041, 560.31640625], "obj_id": 0}, {"cam_R_m2c": [1.0, 0.0, 0.0, 0.0, -0.7999998331069946, -0.6000000238418579, 0.0, 0.6000000238418579, -0.7999998331069946], "cam_t_m2c": [107.42556762695312, -89.35143280029297, 615.7398681640625], "obj_id": 0}, {"cam_R_m2c": [1.0, 0.0, 0.0, 0.0, -0.7999998331069946, -0.6000000238418579, 0.0, 0.6000000238418579, -0.7999998331069946], "cam_t_m2c": [3.725290298461914e-06, 46.35187911987305, 728.4691162109375], "obj_id": 0}],
  "4": [{"cam_R_m2c": [1.0, 0.0, 0.0, 0.0, -0.7999998331069946, -0.6000000834465027, 0.0, 0.6000000834465027, -0.7999998331069946], "cam_t_m2c": [-20.423053741455078, -130.18829345703125, 567.6080322265625], "obj_id": 0}, {"cam_R_m2c": [1.0, 0.0, 0.0, 0.0, -0.7999998331069946, -0.6000000834465027, 0.0, 0.6000000834465027, -0.7999998331069946], "cam_t_m2c": [-25.181055068969727, -34.750282287597656, 458.9900817871094], "obj_id": 0}, {"cam_R_m2c": [1.0, 0.0, 0.0, 0.0, -0.7999998331069946, -0.6000000238418579, 0.0, 0.6000000238418579, -0.7999998331069946], "cam_t_m2c": [134.8299560546875, -162.2192840576172, 563.2130737304688], "obj_id": 0}, {"cam_R_m2c": [1.0, 0.0, 0.0, 0.0, -0.7999998331069946, -0.6000000238418579, 0.0, 0.6000000238418579, -0.7999998331069946], "cam_t_m2c": [-120.58854675292969, -125.50337982177734, 555.97998046875], "obj_id": 0}, {"cam_R_m2c": [1.0, 0.0, 0.0, 0.0, -0.7999998331069946, -0.6000000238418579, 0.0, 0.6000000238418579, -0.7999998331069946], "cam_t_m2c": [-15.076294898986816, -181.18341064453125, 616.1511840820312], "obj_id": 0}, {"cam_R_m2c": [1.0, 0.0, 0.0, 0.0, -0.7999998331069946, -0.6000000238418579, 0.0, 0.6000000238418579, -0.7999998331069946], "cam_t_m2c": [59.92820739746094, -4.0047688484191895, 454.8897399902344], "obj_id": 0}, {"cam_R_m2c": [1.0, 0.0, 0.0, 0.0, -0.7999998331069946, -0.6000000238418579, 0.0, 0.6000000238418579, -0.7999998331069946], "cam_t_m2c": [38.02120590209961, -109.63682556152344, 507.7826843261719], "obj_id": 0}, {"cam_R_m2c": [1.0, 0.0, 0.0, 0.0, -0.7999998331069946, -0.6000000238418579, 0.0, 0.6000000238418579, -0.7999998331069946], "cam_t_m2c": [-82.96430206298828, -87.29057312011719, 481.3990173339844], "obj_id": 0}, {"cam_R_m2c": [1.0, 0.0, 0.0, 0.0, -0.7999998331069946, -0.6000000238418579, 0.0, 0.6000000238418579, -0.7999998331069946], "cam_t_m2c": [1.4901161193847656e-05, -1.6097370386123657, 664.5203857421875], "obj_id": 0}]
}