{
  "0": {"cam_K": [591.0125054253472, 0.0, 322.52499383687973, 0.0, 590.167700929445, 244.11083984793495, 0.0, 0.0, 1.0], "cam_R_w2c": [1.0, 0.0, 0.0, 0.0, -0.7999998331069946, -0.6000000834465027, 0.0, 0.6000000834465027, -0.7999998331069946], "cam_t_w2c": [-54.02254104614258, -151.82232666015625, 613.8668212890625], "depth_scale": 1.0},
  "1": {"cam_K": [591.0125054253472, 0.0, 322.52499383687973, 0.0, 590.167700929445, 244.11083984793495, 0.0, 0.0, 1.0], "cam_R_w2c": [1.0, 0.0, 0.0, 0.0, -0.7999998331069946, -0.6000000834465027, 0.0, 0.6000000834465027, -0.7999998331069946], "cam_t_w2c": [-54.02254104614258, -151.82232666015625, 613.8668212890625], "depth_scale": 1.0},
  "2": {"cam_K": [591.0125054253472, 0.0, 322.52499383687973, 0.0, 590.167700929445, 244.11083984793495, 0.0, 0.0, 1.0], "cam_R_w2c": [1.0, 0.0, 0.0, 0.0, -0.7999998331069946, -0.6000000834465027, 0.0, 0.6000000834465027, -0.7999998331069946], "cam_t_w2c": [-54.02254104614258, -151.82232666015625, 613.8668212890625], "depth_scale": 1.0},
  "3": {"cam_K": [591.0125054253472, 0.0, 322.52499383687973, 0.0, 590.167700929445, 244.11083984793495, 0.0, 0.0, 1.0], "cam_R_w2c": [1.0, 0.0, 0.0, 0.0, -0.7999998331069946, -0.6000000834465027, 0.0, 0.6000000834465027, -0.7999998331069946], "cam_t_w2c": [-54.02254104614258, -151.82232666015625, 613.8668212890625], "depth_scale": 1.0},
  "4": {"cam_K": [591.0125054253472, 0.0, 322.52499383687973, 0.0, 590.167700929445, 244.11083984793495, 0.0, 0.0, 1.0], "cam_R_w2c": [1.0, 0.0, 0.0, 0.0, -0.7999998331069946, -0.6000000834465027, 0.0, 0.6000000834465027, -0.7999998331069946], "cam_t_w2c": [-176.6748046875, -58.842586517333984, 544.1320190429688], "depth_scale": 1.0}
}