{
  "0": [{"cam_R_m2c": [1.0, 0.0, 0.0, 0.0, -0.7999998331069946, -0.6000000834465027, 0.0, 0.6000000834465027, -0.7999998331069946], "cam_t_m2c": [-20.423053741455078, -130.18829345703125, 567.6080322265625], "obj_id": 0}, {"cam_R_m2c": [1.0, 0.0, 0.0, 0.0, -0.7999998331069946, -0.6000000834465027, 0.0, 0.6000000834465027, -0.7999998331069946], "cam_t_m2c": [-25.181055068969727, -34.750282287597656, 458.9900817871094], "obj_id": 0}, {"cam_R_m2c": [1.0, 0.0, 0.0, 0.0, -0.7999998331069946, -0.6000000238418579, 0.0, 0.6000000238418579, -0.7999998331069946], "cam_t_m2c": [134.8299560546875, -162.2192840576172, 563.2130737304688], "obj_id": 0}, {"cam_R_m2c": [1.0, 0.0, 0.0, 0.0, -0.7999998331069946, -0.6000000238418579, 0.0, 0.6000000238418579, -0.7999998331069946], "cam_t_m2c": [-120.58854675292969, -125.50337982177734, 555.97998046875], "obj_id": 0}, {"cam_R_m2c": [1.0, 0.0, 0.0, 0.0, -0.7999998331069946, -0.6000000238418579, 0.0, 0.6000000238418579, -0.7999998331069946], "cam_t_m2c": [-15.076294898986816, -181.18341064453125, 616.1511840820312], "obj_id": 0}, {"cam_R_m2c": [1.0, 0.0, 0.0, 0.0, -0.7999998331069946, -0.6000000238418579, 0.0, 0.6000000238418579, -0.7999998331069946], "cam_t_m2c": [59.92820739746094, -4.0047688484191895, 454.8897399902344], "obj_id": 0}, {"cam_R_m2c": [1.0, 0.0, 0.0, 0.0, -0.7999998331069946, -0.6000000238418579, 0.0, 0.6000000238418579, -0.7999998331069946], "cam_t_m2c": [38.02120590209961, -109.63682556152344, 507.7826843261719], "obj_id": 0}, {"cam_R_m2c": [1.0, 0.0, 0.0, 0.0, -0.7999998331069946, -0.6000000238418579, 0.0, 0.6000000238418579, -0.7999998331069946], "cam_t_m2c": [-82.96430206298828, -87.29057312011719, 481.3990173339844], "obj_id": 0}, {"cam_R_m2c": [1.0, 0.0, 0.0, 0.0, -0.7999998331069946, -0.6000000238418579, 0.0, 0.6000000238418579, -0.7999998331069946], "cam_t_m2c": [1.4901161193847656e-05, -1.6097370386123657, 664.5203857421875], "obj_id": 0}],
  "1": [{"cam_R_m2c": [1.0, 0.0, 0.0, 0.0, -0.7999998331069946, -0.6000000834465027, 0.0, 0.6000000834465027, -0.7999998331069946], "cam_t_m2c": [-20.423053741455078, -130.18829345703125, 567.6080322265625], "obj_id": 0}, {"cam_R_m2c": [1.0, 0.0, 0.0, 0.0, -0.7999998331069946, -0.6000000834465027, 0.0, 0.6000000834465027, -0.7999998331069946], "cam_t_m2c": [-25.181055068969727, -34.750282287597656, 458.9900817871094], "obj_id": 0}, {"cam_R_m2c": [1.0, 0.0, 0.0, 0.0, -0.7999998331069946, -0.6000000238418579, 0.0, 0.6000000238418579, -0.7999998331069946], "cam_t_m2c": [134.8299560546875, -162.2192840576172, 563.2130737304688], "obj_id": 0}, {"cam_R_m2c": [1.0, 0.0, 0.0, 0.0, -0.7999998331069946, -0.6000000238418579, 0.0, 0.6000000238418579, -0.7999998331069946], "cam_t_m2c": [-120.58854675292969, -125.50337982177734, 555.97998046875], "obj_id": 0}, {"cam_R_m2c": [1.0, 0.0, 0.0, 0.0, -0.7999998331069946, -0.6000000238418579, 0.0, 0.6000000238418579, -0.7999998331069946], "cam_t_m2c": [-15.076294898986816, -181.18341064453125, 616.1511840820312], "obj_id": 0}, {"cam_R_m2c": [1.0, 0.0, 0.0, 0.0, -0.7999998331069946, -0.6000000238418579, 0.0, 0.6000000238418579, -0.7999998331069946], "cam_t_m2c": [59.92820739746094, -4.0047688484191895, 454.8897399902344], "obj_id": 0}, {"cam_R_m2c": [1.0, 0.0, 0.0, 0.0, -0.7999998331069946, -0.6000000238418579, 0.0, 0.6000000238418579, -0.7999998331069946], "cam_t_m2c": [38.02120590209961, -109.63682556152344, 507.7826843261719], "obj_id": 0}, {"cam_R_m2c": [1.0, 0.0, 0.0, 0.0, -0.7999998331069946, -0.6000000238418579, 0.0, 0.6000000238418579, -0.7999998331069946], "cam_t_m2c": [-82.96430206298828, -87.29057312011719, 481.3990173339844], "obj_id": 0}, {"cam_R_m2c": [1.0, 0.0, 0.0, 0.0, -0.7999998331069946, -0.6000000238418579, 0.0, 0.6000000238418579, -0.7999998331069946], "cam_t_m2c": [1.4901161193847656e-05, -1.6097370386123657, 664.5203857421875], "obj_id": 0}],
  "2": [{"cam_R_m2c": [1.0, 0.0, 0.0, 0.0, -0.7999998331069946, -0.6000000834465027, 0.0, 0.6000000834465027, -0.7999998331069946], "cam_t_m2c": [-20.423053741455078, -130.18829345703125, 567.6080322265625], "obj_id": 0}, {"cam_R_m2c": [1.0, 0.0, 0.0, 0.0, -0.7999998331069946, -0.6000000834465027, 0.0, 0.6000000834465027, -0.7999998331069946], "cam_t_m2c": [-25.181055068969727, -34.750282287597656, 458.9900817871094], "obj_id": 0}, {"cam_R_m2c": [1.0, 0.0, 0.0, 0.0, -0.7999998331069946, -0.6000000238418579, 0.0, 0.6000000238418579, -0.7999998331069946], "cam_t_m2c": [134.8299560546875, -162.2192840576172, 563.2130737304688], "obj_id": 0}, {"cam_R_m2c": [1.0, 0.0, 0.0, 0.0, -0.7999998331069946, -0.6000000238418579, 0.0, 0.6000000238418579, -0.7999998331069946], "cam_t_m2c": [-120.58854675292969, -125.50337982177734, 555.97998046875], "obj_id": 0}, {"cam_R_m2c": [1.0, 0.0, 0.0, 0.0, -0.7999998331069946, -0.6000000238418579, 0.0, 0.6000000238418579, -0.7999998331069946], "cam_t_m2c": [-15.076294898986816, -181.18341064453125, 616.1511840820312], "obj_id": 0}, {"cam_R_m2c": [1.0, 0.0, 0.0, 0.0, -0.7999998331069946, -0.6000000238418579, 0.0, 0.6000000238418579, -0.7999998331069946], "cam_t_m2c": [59.92820739746094, -4.0047688484191895, 454.8897399902344], "obj_id": 0}, {"cam_R_m2c": [1.0, 0.0, 0.0, 0.0, -0.7999998331069946, -0.6000000238418579, 0.0, 0.6000000238418579, -0.7999998331069946], "cam_t_m2c": [38.02120590209961, -109.63682556152344, 507.7826843261719], "obj_id": 0}, {"cam_R_m2c": [1.0, 0.0, 0.0, 0.0, -0.7999998331069946, -0.6000000238418579, 0.0, 0.6000000238418579, -0.7999998331069946], "cam_t_m2c": [-82.96430206298828, -87.29057312011719, 481.3990173339844], "obj_id": 0}, {"cam_R_m2c": [1.0, 0.0, 0.0, 0.0, -0.7999998331069946, -0.6000000238418579, 0.0, 0.6000000238418579, -0.7999998331069946], "cam_t_m2c": [1.4901161193847656e-05, -1.6097370386123657, 664.5203857421875], "obj_id": 0}],
  "3": [{"cam_R_m2c": [1.0, 0.0, 0.0, 0.0, -0.7999998331069946, -0.6000000834465027, 0.0, 0.6000000834465027, -0.7999998331069946], "cam_t_m2c": [-20.423053741455078, -130.18829345703125, 567.6080322265625], "obj_id": 0}, {"cam_R_m2c": [1.0, 0.0, 0.0, 0.0, -0.7999998331069946, -0.6000000834465027, 0.0, 0.6000000834465027, -0.7999998331069946], "cam_t_m2c": [-25.181055068969727, -34.750282287597656, 458.9900817871094], "obj_id": 0}, {"cam_R_m2c": [1.0, 0.0, 0.0, 0.0, -0.7999998331069946, -0.6000000238418579, 0.0, 0.6000000238418579, -0.7999998331069946], "cam_t_m2c": [134.8299560546875, -162.2192840576172, 563.2130737304688], "obj_id": 0}, {"cam_R_m2c": [1.0, 0.0, 0.0, 0.0, -0.7999998331069946, -0.6000000238418579, 0.0, 0.6000000238418579, -0.7999998331069946], "cam_t_m2c": [-120.58854675292969, -125.50337982177734, 555.97998046875], "obj_id": 0}, {"cam_R_m2c": [1.0, 0.0, 0.0, 0.0, -0.7999998331069946, -0.6000000238418579, 0.0, 0.6000000238418579, -0.7999998331069946], "cam_t_m2c": [-15.076294898986816, -181.18341064453125, 616.1511840820312], "obj_id": 0}, {"cam_R_m2c": [1.0, 0.0, 0.0, 0.0, -0.7999998331069946, -0.6000000238418579, 0.0, 0.6000000238418579, -0.7999998331069946], "cam_t_m2c": [59.92820739746094, -4.0047688484191895, 454.8897399902344], "obj_id": 0}, {"cam_R_m2c": [1.0, 0.0, 0.0, 0.0, -0.7999998331069946, -0.6000000238418579, 0.0, 0.6000000238418579, -0.7999998331069946], "cam_t_m2c": [38.02120590209961, -109.63682556152344, 507.7826843261719], "obj_id": 0}, {"cam_R_m2c": [1.0, 0.0, 0.0, 0.0, -0.7999998331069946, -0.6000000238418579, 0.0, 0.6000000238418579, -0.7999998331069946], "cam_t_m2c": [-82.96430206298828, -87.29057312011719, 481.3990173339844], "obj_id": 0}, {"cam_R_m2c": [1.0, 0.0, 0.0, 0.0, -0.7999998331069946, -0.6000000238418579, 0.0, 0.6000000238418579, -0.7999998331069946], "cam_t_m2c": [1.4901161193847656e-05, -1.6097370386123657, 664.5203857421875], "obj_id": 0}],
  "4": [{"cam_R_m2c": [1.0, 0.0, 0.0, 0.0, -0.7999998331069946, -0.6000000834465027, 0.0, 0.6000000834465027, -0.7999998331069946], "cam_t_m2c": [-20.423053741455078, -130.18829345703125, 567.6080322265625], "obj_id": 0}, {"cam_R_m2c": [1.0, 0.0, 0.0, 0.0, -0.7999998331069946, -0.6000000834465027, 0.0, 0.6000000834465027, -0.7999998331069946], "cam_t_m2c": [-25.181055068969727, -34.750282287597656, 458.9900817871094], "obj_id": 0}, {"cam_R_m2c": [1.0, 0.0, 0.0, 0.0, -0.7999998331069946, -0.6000000238418579, 0.0, 0.6000000238418579, -0.7999998331069946], "cam_t_m2c": [134.8299560546875, -162.2192840576172, 563.2130737304688], "obj_id": 0}, {"cam_R_m2c": [1.0, 0.0, 0.0, 0.0, -0.7999998331069946, -0.6000000238418579, 0.0, 0.6000000238418579, -0.7999998331069946], "cam_t_m2c": [-120.58854675292969, -125.50337982177734, 555.97998046875], "obj_id": 0}, {"cam_R_m2c": [1.0, 0.0, 0.0, 0.0, -0.7999998331069946, -0.6000000238418579, 0.0, 0.6000000238418579, -0.7999998331069946], "cam_t_m2c": [-15.076294898986816, -181.18341064453125, 616.1511840820312], "obj_id": 0}, {"cam_R_m2c": [1.0, 0.0, 0.0, 0.0, -0.7999998331069946, -0.6000000238418579, 0.0, 0.6000000238418579, -0.7999998331069946], "cam_t_m2c": [59.92820739746094, -4.0047688484191895, 454.8897399902344], "obj_id": 0}, {"cam_R_m2c": [1.0, 0.0, 0.0, 0.0, -0.7999998331069946, -0.6000000238418579, 0.0, 0.6000000238418579, -0.7999998331069946], "cam_t_m2c": [38.02120590209961, -109.63682556152344, 507.7826843261719], "obj_id": 0}, {"cam_R_m2c": [1.0, 0.0, 0.0, 0.0, -0.7999998331069946, -0.6000000238418579, 0.0, 0.6000000238418579, -0.7999998331069946], "cam_t_m2c": [-82.96430206298828, -87.29057312011719, 481.3990173339844], "obj_id": 0}, {"cam_R_m2c": [1.0, 0.0, 0.0, 0.0, -0.7999998331069946, -0.6000000238418579, 0.0, 0.6000000238418579, -0.7999998331069946], "cam_t_m2c": [1.4901161193847656e-05, -1.6097370386123657, 664.5203857421875], "obj_id": 0}]
}